201612599874461
201612613403519
201612613381524
201612608028422
201612612496251
201612576141020
201612612308239
201612611341083
201612609658151
201612609085142
201612607937610
201612590355253
201612595843227
201612590434051
201612613624659
201612613623987
201612613622082
201612613621603
201612613621268
201612613620916
201612613619453
201612613452517
201612613618065
201612613610744
201612613605238
201612613602490
201612613599245
201612613595456
201612613594623
201612613591515
201612613583464
201612613579430
201612613575595
201612613574324
201612613568345
201612613567595
201612613567498
201612613563403
201612613554745
201612613554347
201612613554208
201612613554150
201612613550463
201612613549182
201612613541980
201612613541350
201612613541047
201612611960702
201612613540320
201612613540402
201612613538863
201612613537913
201612613535622
201612613534310
201612613534237
201612613528347
201612613526024
201612613520446
201612613486991
201612613517408
201612613514685
201612613512640
201612613414763
201612612505755
201612613495822
201612613490762
201612613490540
201612613489453
201612613481450
201612613471899
201612611475001
201612613457462
201612613456048
201612613453336
201612613450065
201612613442607
201612613436951
201612613435234
201612613435083
201612613434587
201612613433630
201612613432318
201612613427049
201612613418133
201612613408725
201612613376030
201612613394736
201612613391646
201612613389707
201612613373988
201612613373878
201612613373605
201612613372525
201612613372407
201612613372334
201612613372218
201612613371759
201612613371616
201612613371432
201612613371281
