35982005
35981944
35981917
35981438
35981376
35981367
35980818
35980699
35980562
35969736
35960434
35956309
35956248
35955077
35953604
35947450
35938493
35936781
35935951
35930811
35923649
35922412
35919460
35916667
35916332
35915458
35914503
35909455
35908973
35908018
35892961
35889640
35882994
35872022
35859041
35854032
35853977
35852652
35847332
35845660
35845296
35842335
35799516
35799512
35799490
35799420
35792759
35778573
35777377
35774081
35750365
35745137
35734904
35732068
35727655
35724819
35718066
35714532
35706803
35698165
35695176
35682440
35655378
35635011
35634852
35634432
35632501
35628881
35622973
35621495
35621007
35619888
35604068
35602242
35586356
35535674
35518073
35509365
35487773
35482426
35475027
35473797
35457782
35427263
35417411
35416733
35403533
35402088
35393090
35391598
35386051
35350907
35347934
35338519
35338340
35327470
35327187
35272794
35268418
35268098
